Candian lynx
2.43
2.506
2.767
2.94
3.169
3.45
3.594
3.774
3.695
3.411
2.718
1.991
2.265
2.446
2.612
3.359
3.429
3.533
3.261
2.612
2.179
1.653
1.832
2.328
2.737
3.014
3.328
3.404
2.981
2.557
2.576
2.352
2.556
2.864
3.214
3.435
3.458
3.326
2.835
2.476
2.373
2.389
2.742
3.21
3.52
3.828
3.628
2.837
2.406
2.675
2.554
2.894
3.202
3.224
3.352
3.154
2.878
2.476
2.303
2.36
2.671
2.867
3.31
3.449
3.646
3.4
2.59
1.863
1.581
1.69
1.771
2.274
2.576
3.111
3.605
3.543
2.769
2.021
2.185
2.588
2.88
3.115
3.54
3.845
3.8
3.579
3.264
2.538
2.582
2.907
3.142
3.433
3.58
3.49
3.475
3.579
2.829
1.909
1.903
2.033
2.36
2.601
3.054
3.386
3.553
3.468
3.187
2.723
2.686
2.821
3
3.201
3.424
3.531